- agent.alpha=0.0008919267853
- agent.gamma=0.3637142272058
- policy.epsilon=0.4563844770491
