- agent.alpha=2.31347816e-05
- agent.gamma=0.6873858009704
- policy.epsilon=0.1384476294156
