- agent.alpha=0.0021938654178
- agent.gamma=0.7030322820396
- policy.epsilon=0.2156481075547
