- agent.alpha=0.0072522837158
- agent.gamma=0.5047184715141
- policy.epsilon=0.078474910379
