- agent.alpha=0.0013975908789
- agent.gamma=0.5159873450124
- policy.epsilon=0.9455951854284
