- agent.alpha=6.6583227e-06
- agent.gamma=0.9335790661425
- policy.epsilon=0.3503482997279
