- agent.alpha=0.000168734951
- agent.gamma=0.6473564317623
- policy.epsilon=0.7537301868665
