- agent.alpha=5.1781979e-06
- agent.gamma=0.7428175693515
- policy.epsilon=0.244735080645
