- agent.alpha=1.1281785e-06
- agent.gamma=0.4690154701171
- policy.epsilon=0.113722653519
