- agent.alpha=1.19116965e-05
- agent.gamma=0.1644777301372
- policy.epsilon=0.7102327918202
