- agent.alpha=0.0057787557345
- agent.gamma=0.9262035207031
- policy.epsilon=0.3297264474661
