- agent.alpha=0.0010253368318
- agent.gamma=0.8349769080026
- policy.epsilon=0.8270686729131
