- agent.alpha=0.0038202599364
- agent.gamma=0.3841891374555
- policy.epsilon=0.4760232458794
