- agent.alpha=0.0029385019584
- agent.gamma=0.8773466818927
- policy.epsilon=0.9167451783359
