- agent.alpha=7.6397378e-06
- agent.gamma=0.9462685704029
- policy.epsilon=0.6565996502809
