- agent.alpha=7.49501729e-05
- agent.gamma=0.8234818981258
- policy.epsilon=0.9475274433883
