- agent.alpha=2.9348923e-06
- agent.gamma=0.8066824184506
- policy.epsilon=0.1940911357461
