- agent.alpha=0.0032270237615
- agent.gamma=0.5117850092459
- policy.epsilon=0.9045958446108
