- agent.alpha=0.0042959927905
- agent.gamma=0.3154291916452
- policy.epsilon=0.3993939760833
