- agent.alpha=3.0086868e-06
- agent.gamma=0.5394780807643
- policy.epsilon=0.0798577264024
