- agent.alpha=3.57009444e-05
- agent.gamma=0.4436313476427
- policy.epsilon=0.1457391013086
