- agent.alpha=5.55272437e-05
- agent.gamma=0.8729364985491
- policy.epsilon=0.0713458429041
