- agent.alpha=6.7849245e-06
- agent.gamma=0.8944778228585
- policy.epsilon=0.6107801953891
