- agent.alpha=1.1195827e-05
- agent.gamma=0.3974770628271
- policy.epsilon=0.5207167503959
