- agent.alpha=0.0001137517159
- agent.gamma=0.9450733550553
- policy.epsilon=0.4861789684263
