- agent.alpha=0.0006097546255
- agent.gamma=0.5801472502141
- policy.epsilon=0.6350700287732
