- agent.alpha=0.0085018701496
- agent.gamma=0.8271941431449
- policy.epsilon=0.5789247483632
