- agent.alpha=0.0001566517163
- agent.gamma=0.3111516878722
- policy.epsilon=0.6747322476853
