- agent.alpha=5.0829066e-06
- agent.gamma=0.1514799821414
- policy.epsilon=0.2152004867585
