- agent.alpha=3.6093109e-06
- agent.gamma=0.3423535206022
- policy.epsilon=0.3103524596528
