- agent.alpha=2.1438514e-06
- agent.gamma=0.4165487176538
- policy.epsilon=0.6804876070945
