- agent.alpha=0.0003293021396
- agent.gamma=0.902030629337
- policy.epsilon=0.4828739151464
