- agent.alpha=2.49366608e-05
- agent.gamma=0.6714081650773
- policy.epsilon=0.0587371990358
