- agent.alpha=0.0006161423618
- agent.gamma=0.5220506528251
- policy.epsilon=0.0851572529797
