- agent.alpha=0.0006366144995
- agent.gamma=0.1755055655358
- policy.epsilon=0.9498861485147
