- agent.alpha=0.0001903525677
- agent.gamma=0.1984622458901
- policy.epsilon=0.1924215559813
