- agent.alpha=0.0052941322017
- agent.gamma=0.4505393210322
- policy.epsilon=0.0958014369175
