- agent.alpha=1.97113762e-05
- agent.gamma=0.6434518377731
- policy.epsilon=0.555959960924
