- agent.alpha=0.0020679187143
- agent.gamma=0.2486672980318
- policy.epsilon=0.5008993319623
