- agent.alpha=9.1323485e-06
- agent.gamma=0.223556183658
- policy.epsilon=0.5002635582497
