- agent.alpha=0.00304702835
- agent.gamma=0.1713022132824
- policy.epsilon=0.6613988104367
