- agent.alpha=0.0017276056747
- agent.gamma=0.5463495022716
- policy.epsilon=0.8955050747267
