- agent.alpha=0.0016973078532
- agent.gamma=0.4801259318774
- policy.epsilon=0.4465404529913
