- agent.alpha=1.3924163e-06
- agent.gamma=0.1271452224458
- policy.epsilon=0.5461310970521
