- agent.alpha=0.0004316517111
- agent.gamma=0.2968764032194
- policy.epsilon=0.9289859015449
