- agent.alpha=4.7395843e-06
- agent.gamma=0.5100931035491
- policy.epsilon=0.087346532849
