- agent.alpha=0.0001853809246
- agent.gamma=0.6941581131516
- policy.epsilon=0.8269425053663
