- agent.alpha=5.7909642e-06
- agent.gamma=0.7902195788586
- policy.epsilon=0.5816583147428
