- agent.alpha=2.65393764e-05
- agent.gamma=0.1362486340639
- policy.epsilon=0.517035081361
