- agent.alpha=0.0075796331133
- agent.gamma=0.2576633126082
- policy.epsilon=0.522316025808
