- agent.alpha=0.0065494391125
- agent.gamma=0.4187648190492
- policy.epsilon=0.5441553260564
