- agent.alpha=0.0030796093944
- agent.gamma=0.7294423845389
- policy.epsilon=0.7496220238435
