- agent.alpha=0.0010790778643
- agent.gamma=0.7856626018489
- policy.epsilon=0.4548722371242
