- agent.alpha=3.15851045e-05
- agent.gamma=0.1108174824739
- policy.epsilon=0.9933165563133
