- agent.alpha=4.11084844e-05
- agent.gamma=0.7266309936083
- policy.epsilon=0.6104218025119
