- agent.alpha=0.0031536006085
- agent.gamma=0.412133515752
- policy.epsilon=0.879993258477
