- agent.alpha=9.7367257e-06
- agent.gamma=0.3998372546763
- policy.epsilon=0.5775953733907
