- agent.alpha=3.5868165e-05
- agent.gamma=0.5829995140108
- policy.epsilon=0.7836325308318
