- agent.alpha=1.1065813e-06
- agent.gamma=0.634460005786
- policy.epsilon=0.413981601837
