- agent.alpha=1.6096331e-06
- agent.gamma=0.9685083507217
- policy.epsilon=0.4670228496704
