- agent.alpha=5.4152441e-06
- agent.gamma=0.6445490763029
- policy.epsilon=0.7959171633234
