- agent.alpha=0.0007135071731
- agent.gamma=0.4981970064729
- policy.epsilon=0.0690676378888
