- agent.alpha=1.88756763e-05
- agent.gamma=0.2051666965833
- policy.epsilon=0.8133068838656
