- agent.alpha=2.59065101e-05
- agent.gamma=0.7213639254776
- policy.epsilon=0.2044860923776
