- agent.alpha=0.0091626388296
- agent.gamma=0.9283740197872
- policy.epsilon=0.1479676753941
