- agent.alpha=2.65697155e-05
- agent.gamma=0.2360446338741
- policy.epsilon=0.21470491553
