- agent.alpha=0.003648456083
- agent.gamma=0.1773590563978
- policy.epsilon=0.1712012876558
