- agent.alpha=0.0002842240239
- agent.gamma=0.1234666073026
- policy.epsilon=0.6144241795845
