- agent.alpha=0.0047799402253
- agent.gamma=0.2998982924166
- policy.epsilon=0.4479791770293
