- agent.alpha=0.0003198020818
- agent.gamma=0.8089181889688
- policy.epsilon=0.4587906001545
