- agent.alpha=0.0056671124114
- agent.gamma=0.8492276113149
- policy.epsilon=0.2060525080344
