- agent.alpha=9.9350239e-06
- agent.gamma=0.3578787930933
- policy.epsilon=0.8778875606783
