- agent.alpha=2.9231166e-05
- agent.gamma=0.3114142764782
- policy.epsilon=0.6848021586273
