- agent.alpha=0.000269264691
- agent.gamma=0.8194736398237
- policy.epsilon=0.1659363231025
