- agent.alpha=9.4614691e-06
- agent.gamma=0.8073820601521
- policy.epsilon=0.7363295094984
