- agent.alpha=3.1134168e-05
- agent.gamma=0.2389758116559
- policy.epsilon=0.2695210567587
