- agent.alpha=4.5091584e-06
- agent.gamma=0.38941915716
- policy.epsilon=0.2742479401791
