- agent.alpha=0.0002935672966
- agent.gamma=0.5805869879471
- policy.epsilon=0.964842403666
