- agent.alpha=3.3594698e-06
- agent.gamma=0.9645416336971
- policy.epsilon=0.8772124062089
