- agent.alpha=0.0015763894362
- agent.gamma=0.1815080452607
- policy.epsilon=0.2258762823967
