- agent.alpha=2.6285771e-06
- agent.gamma=0.6501586035431
- policy.epsilon=0.5418260612155
